93
7427
4519
4334
5906
5663
9483
5936
6483
4896
5904
8176
4721
4417
3666
3531
5917
1518
107
3741
9204
8419
7618
3111
8
1410
3962
4812
8767
7376
2026
4168
2084
3533
221
6142
3036
5135
6240
4476
1555
2442
5769
9037
4757
7022
9079
9019
3880
7884
4596
6526
726
3398
1558
5958
3929
7219
7413
9009
2799
1947
9272
1337
8349
3317
9480
8973
6144
683
5894
3706
1742
3766
680
3894
859
524
6254
7226
6120
866
6243
7705
1365
5199
735
5665
4423
1952
8457
1228
9317
673
6794
6483
4444
9054
8653
4832
6083
9367
4738
4591
649
5721
2258
8225
6570
8607
2956
3132
3376
6932
6078
9154
7653
1491
704
75
5351
4301
7130
2338
8005
1142
8117
9242
5206
6845
6047
8075
7001
7942
1064
3277
9478
454
5817
4191
2803
1178
3829
4821
1171
9349
7256
8028
9082
9716
5036
7130
9003
4799
1290
1623
4482
2894
7773
3106
6301
9253
2882
98
4261
9118
556
9338
7194
5857
3764
4519
3341
1587
9869
8441
4711
7305
5093
3227
54
6887
4216
4737
6457
2329
2479
62
3024
9388
8357
591
8870
8058
6218
6616
4123
8385
497
4296
7466
6239
4644
9755
8473
3453
1351
2748
3311
2276
1994
2533
5456
3440
2504
5365
1971
7055
9980
8044
6596
630
1955
9718
966
3409
6748
4769
4304
1365
6508
6045
5976
3844
5103
6416
2286
2587
3208
4675
655
9131
4378
9660
8954
9459
6223
9192
5150
646
9765
9333
2242
4366
4921
665
7615
7677
9371
5523
6296
780
5265
3420
7354
594
8440
5817
3502
8530
4676
4480
6475
3538
9785
4821
3976
4275
7442
7520
3375
5746
831
284
7437
1594
3388
4686
4038
2067
1339
480
1398
7595
8932
9369
9634
5279
5123
9195
2669
4823
9631
3817
6759
2348
2331
7779
4591
3718
8134
4735
9417
982
3581
2614
8154
8876
5647
1432
6544
9686
6017
6829
8383
22
9224
8057
1174
4479
4500
4458
5744
2540
7549
9601
791
2173
2933
4539
7426
2622
7836
4187
8383
1446
195
5062
6940
7673
7144
6651
223
3258
2320
7389
6758
2097
7651
4078
1449
6357
3872
6393
5771
9862
5153
924
8607
7977
4362
8289
7958
4993
43
8023
663
1190
1637
2258
952
2245
4233
1947
1625
244
2476
7157
8016
9184
9975
2910
2414
9013
2410
6878
1777
4777
5040
5423
691
5525
1758
7624
2303
3889
9382
8232
675
2955
4760
588
1
916
9479
2205
4576
4231
7353
361
5184
8583
504
3468
8347
4404
9735
8410
3190
1241
1342
8556
5383
9253
4454
5381
8912
6388
224
8944
3385
2617
6047
1400
6316
4282
4086
7779
7338
9400
1868
3884
4955
7882
4252
9196
5299
9653
5689
5764
6879
8474
6959
1529
7583
348
2436
7452
366
5436
4206
8997
7564
7347
990
4731
7964
7467
8090
8947
6553
6666
5256
1459
6228
4892
7029
322
1865
8397
4774
6622
528
5344
5942
5768
7055
2014
7519
9632
3180
5838
8356
5753
8575
1069
4570
7657
9526
8507
7686
9584
8883
5474
9665
7618
416
5203
8009
178
9443
2222
833
6556
2412
4494
3929
5103
6139
9536
5752
4198
9470
7262
8485
3778
1560
9164
69
1414
894
8077
7743
1342
4027
227
8892
5244
9923
3201
218
8912
8388
7679
7343
5700
1032
9546
9946
9905
711
4005
5365
2882
410
2192
9543
3827
618
1411
1830
8549
6023
3463
6729
705
9892
353
1099
7478
144
5308
8092
7745
4608
3378
2546
2584
7623
8518
7214
4467
8791
7889
409
9575
3297
2664
2988
2096
7321
2294
1742
2491
8997
9403
8712
8301
2804
7840
5205
3092
7067
198
7429
6024
3818
2539
8305
9548
2046
328
6392
935
9567
4393
56
250
2186
4905
6665
6270
3465
5898
2387
7963
2749
7646
9663
279
3630
8406
4891
2697
5561
420
2391
6121
8120
2110
9197
9094
2496
4674
270
4467
6548
544
5366
9903
6710
8857
3457
5343
1390
50
2968
426
5907
6213
6116
8161
4230
9188
6291
1130
7726
9114
9511
3832
7405
1920
9115
9912
4130
7833
3858
3305
2888
7595
1704
4953
2716
4778
1626
8137
5708
8707
4721
2460
4186
7234
5545
7249
4415
9136
7888
2426
2189
7308
6041
5673
3213
9333
6224
8326
7735
8193
5801
4543
2608
5149
4977
1725
4606
4866
7446
1934
3670
3456
882
5653
5446
42
6402
3498
175
8749
9494
5567
6858
782
4353
5456
5532
415
7167
1430
8388
9454
9782
5752
4113
2731
8118
9438
2320
883
6826
1572
7634
9741
5184
4968
1869
6481
8805
7056
9705
3328
5209
9162
5451
1156
6098
9394
2862
6613
5181
3609
2141
7220
1839
1352
1357
360
441
4818
4503
6802
4762
5134
9939
8559
446
2953
7680
5931
7700
5223
6113
172
7470
7858
6529
4786
9714
609
1831
8744
3805
3958
4708
7031
1190
5796
841
5752
9952
8378
886
4884
1882
4561
1774
8282
3809
4798
4950
2683
7637
8420
9691
9286
5768
9433
915
3051
515
1235
8059
3934
7203
719
8064
1883
8864
542
9210
9712
9470
8813
8162
2987
8829
8271
5141
2896
2059
3225
9392
9255
4474
2873
6987
9793
1995
7268
658
3285
7657
9323
9278
3387
2435
6617
3619
4147
785
4204
5602
5187
296
8925
5887
5324
1384
1534
4477
3079
9138
9519
6133
6642
6935
3612
2149
2689
3292
2695
2741
2850
6394
9821
7124
2145
9282
2040
6961
2389
4061
9313
3671
181
9569
9791
5056
8219
8015
2496
2186
8275
5497
4515
1830
9695
7810
8640
3997
2827
9502
693
6221
7511
7320
7534
6594
7127
2018
9231
0
8803
5847
2129
363
8795
1645
4583
3065
1883
2630
4891
6528
3367
4101
7610
9466
3907
6749
8009
8327
6418
8261
7491
3985
1193
1736
496
7690
654
506
2451
3025
3570
7428
7312
5060
8825
5872
2376
9456
8146
3408
3826
5315
7
9353
1960
8546
8131
141
5019
9463
4122
230
564
1715
2602
7646
4521
4865
9564
2411
9143
5818
3351
8856
1986
1957
2081
9199
2695
3574
8787
9667
8249
7367
9832
4425
1344
805
4369
8806
3131
8801
472
4403
2173
9575
3375
8222
3563
1355
757
5563
4369
559
9396
4343
4668
6449
3978
8957
3559
5729
6177
4673
7317
3425
5981
8681
2407
6725
6082
6412
1483
2729
8064
4770
146
3826
1324
9147
6668
364
6780
9677
2594
8371
9934
8213
5472
6526
6773
5886
2973
1077
7233
3791
4376
8467
5563
6334
321
2022
9914
2194
7889
8355
8084
6919
1943
8439
2245
1131
6271
2089
7045
9157
49
3083
8393
5253
116
8159
5608
5446
4861
2661
2376
1408
392
2546
7717
3435
3473
4141
653
7917
2192
4148
1963
1396
5151
4891
9789
3056
2137
9348
9076
4199
1600
4026
6841
7980
6267
4887
6567
3962
1274
5174
9688
9418
1208
323
8031
7732
4284
2350
6655
8193
2636
1902
4758
4447
446
7362
2010
1247
8412
3651
1615
8632
212
5237
1745
62
8153
2220
3748
3997
7033
5163
3142
2719
7084
6408
6798
5229
6342
5964
9571
3410
3545
9158
6027
9835
8970
4223
5839
1259
2798
4456
6119
3227
2560
5455
231
5839
3522
5281
8373
7267
5358
3033
8726
4516
8776
4823
3621
9483
1314
3467
2655
8596
5883
3888
9854
7357
6885
3175
7551
9306
593
6984
3650
7509
9114
2765
8782
8706
4394
5050
9726
9489
9453
3124
1932
5805
8592
9794
8568
2193
7589
1649
3366
298
3718
4097
1281
7720
2468
5501
2800
9038
8971
5928
3795
7160
7667
850
3257
8300
9094
8667
8946
6410
3321
174
9500
2893
8937
3246
1436
2067
579
8207
3739
7769
3695
2395
6507
9648
9434
197
2756
5132
2607
8650
863
4394
4050
835
6894
8305
2793
1031
1958
5426
8534
350
7114
3706
293
112
4037
9318
5567
1803
3987
5685
2041
6564
413
1593
8332
6276
4288
1415
8593
6180
6585
1215
6281
276
2319
6837
2854
2356
1596
8381
1994
6630
5817
1046
6826
2218
3302
5037
1406
4633
3987
9282
3768
366
3277
7
5934
3310
2600
5797
7174
1800
85
5641
2253
8552
609
1916
4579
6069
7115
6304
3415
9834
2623
3014
5883
4338
9987
5132
3108
9612
7053
2099
3056
2238
2111
6127
9043
2726
7088
8664
2832
1900
6248
3534
8161
3059
1656
8569
4452
2670
996
5326
1794
367
7134
2141
5116
6235
7504
87
6100
7513
662
606
3941
7881
9414
4596
1840
49
5068
4693
9189
5491
1350
7025
3162
8154
7928
6561
1899
6643
7741
8187
8078
8169
6828
9793
3505
4168
9875
3875
4915
2227
7698
9541
1371
9777
9142
603
5753
9906
480
8000
1672
7744
3313
4086
5724
8673
7781
568
1389
7560
1722
9628
8704
811
5643
6580
943
4623
6157
6803
7188
1519
3701
7916
1623
8860
211
2630
1921
2670
5056
6109
3997
6665
3952
3634
5258
9595
6627
4754
6687
4241
8894
1956
4268
3449
6768
4523
1720
6675
1300
347
3852
4017
4643
201
3900
1213
4514
5355
5373
2105
9999
9151
1352
2961
6644
8248
5449
2301
4950
5074
1668
9330
3933
9911
4597
4089
3199
1450
8338
8471
9819
2144
6527
6283
7999
4510
2366
4215
5047
1934
849
2070
2707
1531
2109
2107
3299
6076
7453
6026
8769
9758
6128
6240
6635
3001
848
3404
8844
4436
3808
7633
1431
1205
5569
6132
2463
3281
6529
2320
5029
2785
6688
3977
9534
5173
6240
557
3104
8466
2905
5782
2362
5624
2743
9085
4686
9839
2929
5544
5643
7375
630
8596
9387
3422
9909
8718
3781
8243
8409
7675
4432
3642
6719
2615
3606
9697
3894
5898
4208
431
7746
7495
3427
9876
8893
7694
1095
3596
7723
7825
7584
2989
5560
2116
1707
4335
8496
2525
4647
7883
7242
9435
5613
220
3858
3539
5965
4307
2690
4806
3542
7782
4092
5822
7810
7736
7878
9383
1788
4052
4403
5994
9791
5331
106
4293
1596
3261
693
7190
3415
12
8136
3462
9055
6747
5356
7891
9880
4718
6935
6837
9575
4396
2794
9202
5721
4598
9591
268
2192
2523
7836
3928
5451
3076
6817
7883
9681
7387
8409
397
3226
9657
6504
3407
7402
9100
3410
4312
9435
4503
3676
3179
5094
4259
529
404
9405
5924
2339
5106
8696
9734
1788
6063
3226
9782
5887
4889
975
5341
1648
3781
8196
2071
9149
3946
5011
2866
6472
6408
5866
7010
3490
428
9143
6353
2037
5131
6770
7060
7773
6795
871
3864
6565
9793
7086
2923
9322
7797
953
7208
4846
9795
9
1866
5723
7290
1198
5073
8625
9191
1705
2515
8942
4732
8175
5385
5129
3417
7404
7146
6971
1580
9377
3430
8347
8725
3933
8264
6357
322
7171
2942
4054
282
8749
3749
2246
1845
5485
3550
9794
1880
6444
4189
3317
2719
6353
640
4498
2722
8207
9308
6913
1210
6651
3858
3779
1421
5401
177
9140
9508
130
5606
189
8718
1556
206
7698
4958
6422
6300
6590
6176
1766
2949
8761
217
5074
5272
8164
9243
5055
5052
4465
9031
2201
3490
833
9117
151
7290
619
5455
6842
6513
8662
7813
9986
8071
4564
649
6989
399
4939
1698
5469
2879
2016
1278
4341
9255
4738
7384
8544
6591
2529
1161
7981
1513
5881
6234
9531
2326
9039
7928
7293
7909
9670
5360
3307
2997
1502
4138
6405
5371
6170
3251
612
6479
5901
2290
2414
9937
9553
3676
4949
8905
3811
2530
7566
8844
5150
9848
5481
3626
6402
1537
9154
4036
5681
1814
4274
9164
5382
7701
9218
9733
1122
8086
8638
7785
9332
2745
6498
4488
7012
1691
7620
8910
2989
712
1613
9182
6981
9258
1813
6266
9082
4031
7130
3253
4170
5976
9901
5935
4623
1438
9161
4847
6885
400
2320
4368
4858
2039
6164
2674
7473
2218
1695
3297
8386
2861
3616
4899
1169
6276
5027
4858
6042
2342
8683
4073
7558
7133
8222
4356
4605
9145
3933
7232
4264
9348
5503
3561
5665
5632
2409
1506
2922
6317
4796
2663
3926
6663
5594
4863
3704
6555
3910
7837
2726
2682
872
7670
8393
8007
7482
5997
5204
3562
9091
5593
3295
2663
7005
7560
7407
8184
3092
4813
5299
8231
2797
4308
5885
56
5696
6967
2107
819
564
8841
802
3807
3558
655
8086
6730
3078
2591
3224
9429
8526
784
7709
8252
3343
2881
4902
1460
4825
2805
4689
6460
6167
6732
44
246
2357
2846
9953
7823
5616
8624
50
2442
904
3496
7250
3419
5028
717
6014
510
3106
4136
3814
9512
2777
3031
4604
966
6781
2912
6504
6706
6798
8339
3637
9732
238
1640
4684
1940
4861
3255
7739
1997
3827
1798
7825
9405
9689
4573
6329
3482
6724
9653
1968
5103
5471
4719
52
3027
9187
4386
3820
1898
6342
5004
3118
8917
4478
8777
833
3413
6448
7313
9327
1565
6282
6988
5862
949
4697
8385
9324
4971
2391
3644
573
6900
6868
3757
515
8576
2672
397
9776
7883
8691
92
362
8447
7801
9206
1267
7575
7725
9716
3956
4559
2369
1630
4214
6679
8967
8542
6205
4390
5744
9152
8210
7947
1518
5189
7899
4671
8775
7559
8777
4294
5721
4279
4685
8117
3108
2946
1943
2397
1689
8322
3021
6805
2813
6848
2357
9382
4169
8328
4591
3695
1298
2293
7346
2105
4016
7835
6034
5573
8605
3875
1274
1906
8123
5937
4251
8219
7970
2385
3745
3116
8502
7856
8126
3220
5905
5319
1526
1526
6786
8594
951
8347
6113
8927
6178
3826
2973
8466
1866
8711
8884
8709
8296
1777
9503
8621
1401
2996
152
5416
8773
3303
9449
8626
3884
1361
1346
2726
2398
2557
1525
1986
6103
6956
8098
7827
9350
9497
8458
7567
7145
5735
9923
9298
5095
7911
3799
6416
9257
54
8681
2330
1014
2195
9477
9371
8329
8014
3267
2082
7265
1548
9912
394
9269
5911
4296
5812
5858
8099
7996
4038
8498
2939
6379
9277
6298
9961
5849
2734
7665
2004
3113
187
520
7524
3120
913
1835
9969
8728
8269
9218
825
7517
4079
8708
8913
1240
4102
2185
8019
501
8523
569
1349
9955
106
1942
8618
807
9675
7700
3938
6589
3775
5617
1901
6429
4870
8100
6060
934
4637
3126
2232
6377
9556
8199
9724
3397
9342
863
221
4314
9458
6739
9835
3932
990
2431
6463
1302
4491
5510
5028
6264
5803
7667
2818
8383
4943
1882
8677
624
6037
913
5180
5104
5503
6469
3486
7331
9359
4266
2423
335
446
194
591
4236
5212
8713
1372
6026
3905
1083
3246
5519
8274
6706
8088
5740
9743
9744
5855
8539
4986
4982
6538
3239
9186
7983
7593
3959
77
988
7603
3032
2116
7996
4935
5990
7672
4343
3748
7127
5538
3639
3268
1909
392
5860
2195
182
3468
4715
5405
4298
1438
5002
4997
720
7266
3866
3843
5572
4460
1241
7173
6425
1784
8196
9590
3759
1670
4397
8075
3505
2594
63
202
4062
1170
4859
7958
1362
9192
5853
7877
3521
8391
4720
9042
7823
8195
2427
7438
7439
1537
4711
